3 30
2.557960 0.561183 3.834031 3.032659
-0.260758 -3.143461 -4.295316 1.318032
3.759073 2.072808 -3.588427 0.481158
3.195324 -2.939817 -1.822565 2.492729
-0.068703 1.971835 2.977794 2.257239
2.151082 -1.749335 0.326215 2.992158
-0.790924 1.937435 -1.755329 -1.037215
4.112937 4.439003 4.934340 1.089120
0.981681 3.727988 3.159589 1.557123
-1.102853 3.619445 3.661648 0.149998
-3.951503 -1.142460 0.446200 1.067124
-3.901308 -1.311148 2.227262 1.818036
-3.182890 -0.474910 -1.166351 1.452801
-2.599856 4.448751 4.879549 1.365729
3.187314 0.160771 -4.079006 -0.468429
1.584552 2.994904 1.007829 0.612168
4.904414 -0.272728 -4.979471 -0.286320
0.105302 -1.721923 1.625600 3.639647
-1.063897 4.677623 2.938476 -0.058828
0.898500 1.147918 3.727666 2.616878
0.115563 1.706270 1.294045 0.732988
-4.168391 4.034054 -4.634211 -2.567666
4.098254 -2.831797 -1.520756 2.698443
4.303611 -4.897130 -2.763497 3.398191
-2.600438 4.792650 -3.237544 -1.445787
-3.221994 -3.015537 2.720627 4.057740
3.000733 4.014917 4.775228 1.978211
-4.947466 -1.139964 1.487038 2.770735
-1.208392 -1.818579 -1.285245 1.221586
1.028921 4.779754 1.731381 0.666197